SIMULATION INFORMATION:
                 NX: 128
                 NY: 128
                 NZ: 128
           Reynolds: 10.00
                Tau: 9.000000e-01
               Umax: 5.000000e-02
           Residual: 1.950303e+00
     Residual steps: 100
         Save steps: 0
             Nsteps: 19999
              MLUPS: 1608.8
          Bandwidht: 455.5 (Gb/s)

CUDA INFORMATION
               name: Tesla V100-SXM2-16GB
    multiprocessors: 80
 compute capability: 7.0
        ECC enabled: 1
            threads: (64, 1, 1)