SIMULATION INFORMATION:
                 NX: 128
                 NY: 128
                 NZ: 128
           Reynolds: 10.00
                Tau: 9.000000e-01
               Umax: 5.000000e-02
           Residual: 1.665331e+00
     Residual steps: 750
         Save steps: 0
             Nsteps: 19999
              MLUPS: 2300.1
          Bandwidht: 651.2 (Gb/s)

CUDA INFORMATION
               name: Tesla V100-SXM2-16GB
    multiprocessors: 80
 compute capability: 7.0
        ECC enabled: 1
            threads: (64, 1, 1)