SIMULATION INFORMATION:
                 NX: 128
                 NY: 128
                 NZ: 128
           Reynolds: 10.00
                Tau: 9.000000e-01
               Umax: 5.000000e-02
           Residual: 1.000000e+00
     Residual steps: 0
         Save steps: 500
             Nsteps: 9999
              MLUPS: 2134.7
          Bandwidht: 604.5 (Gb/s)

CUDA INFORMATION
               name: Tesla V100-SXM2-16GB
    multiprocessors: 80
 compute capability: 7.0
        ECC enabled: 1
            threads: (64, 1, 1)